10
00
00
01
00
111
000
100
010
101
100
110
011
011
000
0010111
1010011
1100011
1100000
0000001
0111
0001
0001
0101
1100
0101
0001
0011
0110
1100
1
0
0
0
0
011
110
101
000
001
00
00
01
11
10
0010
0010
0100
0100
0000
11111
11101
01001
00000
01000
011100
000000
101110
000010
000000
01110
01000
00011
00011
11000
111
101
100
010
001
01
00
01
10
11
010
000
001
011
110
0110
1010
0010
1110
0001
0111011
0010010
0010001
0000000
0010100
110001111110
101100001100
101010110111
101010000011
010100000000
111011100
101000100
111001001
100001001
010000010
10
00
00
01
00
1
0
0
0
0
10
11
01
00
00
10111
10000
10011
10000
01000
11100
10010
01001
00001
00010
0101
0001
0011
0110
1100
111
000
100
010
101
011
110
101
000
001
00
00
01
11
10
01
10
11
00
01
1111
0100
0111
1000
0001
1100
0010
0001
1111
1000
10
00
00
01
00
0101
0000
0011
0110
1101
1100
0110
0001
1001
1010
011100
000000
101110
000010
000000
00
10
11
01
00
0101
0001
0011
0110
1100
0111
0001
0001
0101
1100
100000
000001
110011
010011
001100
1111
1000
0011
0000
1000
1100
0110
0001
1001
1010
0001
0001
0111
1110
1000
01100101000
00101000000
00101000010
00101010010
00010011100
11
01
01
00
00
11011010000
01010101000
01111110010
00101101010
10000010100
0100
0011
0011
1110
0000
01
00
00
01
10
111
100
011
000
000
010
000
001
011
110
111111
100010
101001
111000
000000
00011
10001
11000
01000
00000
11001
10001
10011
10011
00100
110
110
010
000
000
111
100
011
000
000
010
000
001
011
110
1011
1011
1101
0101
0010
11011101
11010001
01111011
00101011
01000000
11
01
01
00
00
010
000
001
011
110
11010
10100
00110
01100
10000
01010
00001
00101
01101
11000
1100
1110
1011
0001
0000
1111
1000
0011
0000
1000
00
00
01
11
10
01111
01011
11001
00100
00010
01
00
00
01
10
00001110
01010010
10111011
10110101
01001000
110
110
010
000
000
010
000
001
011
110
10101
10010
10011
10110
01001
10
00
00
11
00
1110
1010
0000
0100
1101
0101
0000
0011
0110
1101
00100
01000
01010
01010
10000
01
00
00
01
10
01
00
00
01
00
1111
1000
0011
0000
1000
00
00
01
11
10
10101110
00100010
01001011
11000001
10000000
1011
1011
1101
0101
0010
10
00
00
01
00
110
100
100
010
001
0101
0001
0011
0110
1100
01
10
11
00
01
1100
0010
0001
1111
1000
11
01
01
01
00
0110
0010
0000
0100
1101
111
000
100
010
101
1111
1000
0011
0000
1000
0000
0001
1110
0111
0000
0111
0001
0001
0101
1100
11100
10000
00010
10010
01001
010
001
001
111
000
111
101
100
010
001
010
001
001
111
000
1110
0001
1001
0101
1010
1100
1100
1011
1001
0000
11
11
01
01
00
1011
1000
0111
0100
1000
11
11
01
01
00
010
001
001
111
000
0110
1010
1011
0001
0000
01
10
11
00
01
1100
1110
1011
0001
0000
11
01
01
01
00
0100111
1110001
0011100
0001000
0000000
011010
010111
001101
000001
000000
110
110
010
000
000
1
0
0
0
0
10
11
01
00
00
010011
111000
001011
101000
000101
00101111010
10110110000
11100110011
11111010101
00000000100
010
001
001
111
000
0111
0001
0001
0101
1100
0011
1011
1111
0111
0000
0111
0001
0001
0101
1100
100000
000001
110011
010011
001100
11
01
01
01
00
01
10
11
00
01
1000000
1000110
0001100
0001010
0110001
01
00
00
01
10
0001111
0010101
1101001
1010000
0100000
01
10
11
00
01
0110
1000
1011
1101
0000
11
01
01
00
00
1110
1010
0000
0100
1101
11000100
01110100
00001110
10111010
10000000
11
01
01
00
00
010
000
001
011
110
1100
0010
0001
1111
1000
0110
0010
0000
0100
1101
1101111
1000011
1000011
0101000
0011001
1100
0000
1011
0001
0000
10
00
00
00
01
1111
1000
0011
0000
1000
0000
0101
1011
1011
0100
110001
011101
000011
101110
100000
11111
11101
01001
00000
01000
010
000
001
011
110
111011100
101000100
111001001
100001001
010000010
111
111
001
001
100
1
1
0
0
0
1100010010
1010111010
1001111110
0101100100
1010000001
1110110100
0100010010
0100000001
0000000001
0001001010
01
00
00
01
10
0000100
1101110
0110011
1111011
0000000
010
001
001
111
000
1
1
0
0
0
11010
10100
00110
01100
10000
11
01
01
00
00
11111
10000
00010
01011
11001
0110100111
0101010001
1111100001
1011010010
0000101000
1111
1000
0011
0000
1000
00
00
01
11
10
11
10
10
11
00
101100
100010
111011
111011
000100
0110
0010
0000
0100
1101
11
10
10
01
00
110
010
011
101
000
111
011
101
100
000
10110
01100
11011
11010
00000
10
00
00
00
01
0110
0010
0000
0100
1101
11010
10100
00110
01100
10000
11
01
01
01
00
110110
101010
011010
000110
000001
1000
0010
0111
1111
1000
110
110
010
000
000
010
000
001
011
110
1111010
1011001
0001001
1000000
0100110
0011111111
0000100010
0110101011
0111010100
1001000011
0001110111
1010000001
1100100001
1101000010
0010011000
11
01
01
01
00
110011
000000
101111
000100
000001
01
00
00
01
10
1100
1010
1001
0001
1010
01001
00100
00100
10101
10011
01
00
00
01
10
10
00
00
00
01
1111
1001
1001
1110
0000
10
00
00
01
00
1101111
1000011
1000011
0101000
0011001
1111101
0011101
1001111
1100011
0100100
0010111
1101100
0100011
1100010
0001001
1111
1000
0011
0000
1000
00
00
01
11
10
10111100
10100000
00101001
01110001
01000110
110
110
010
000
000
11
10
10
11
00
1111
1000
0011
0000
1000
1010011
1001000
1111111
1111110
0000001
111
001
000
110
101
111
000
100
010
101
0001
0000
0111
1110
0000
10110
10000
00000
01100
01011
0110
0010
0000
0100
1101
0000101
0010101
0101101
0111001
0000000
1
1
0
0
0
110
000
100
010
001
11
01
01
10
00
111
100
000
011
110
111
000
100
010
101
100
110
011
011
000
110
110
010
000
000
111
100
000
011
110
111
000
100
010
101
01110
00010
00011
01000
11000
111
011
001
101
100
0110
1010
1010
0110
0001
01
00
00
01
10
1111
1101
1001
0000
1000
1
0
0
0
0
111
111
001
001
100
1010011
1000110
1100101
0100100
0011000
010
000
000
100
111
1101
1001
0011
0110
1100
01
10
11
00
01
001010
010010
010110
110100
000000
010011
111001
101001
001000
000100
111101000
101101000
101111010
100011010
011100100
0110
0010
0000
0100
1101
10
10
01
01
10
11110
00000
10010
11000
00100
10100
10110
00000
00010
00001
1100
1010
1011
1101
0000
10
00
00
11
00
010
000
001
011
110
0011111111
0000100010
0110101011
0111010100
1001000011
10
10
01
01
10
000011000
001000100
010110010
010101110
001000000
010
001
001
111
000
010
000
001
011
110
1111
0010
1010
0001
0010
0010010
1101000
0100110
1110110
0000001
1
0
0
0
0
111
111
001
001
100
0011000
0000000
1110010
1010010
0100100
10
10
00
00
01
010
000
001
011
110
0111101110101
1011000000001
0011000100011
1111010000011
0000010001000
110
001
001
101
010
0111
1011
0101
1000
0000
111
111
001
001
100
01
00
00
01
10
01110
00000
00010
10000
11000
00110111011
00011000110
01000000101
11100010100
10101001000
00001100
00110100
01101001
01010001
10000010
0110001
0000011
0010111
1000111
0001000
01
00
00
01
10
00110
01100
01011
01010
10000
10110
11001
11000
01101
10010
1101010101
1000100001
0100000011
0100000011
0010101000
11
01
01
10
00
010
000
001
011
110
100
100
010
011
101
1011111111
0101011000
0101010111
1100000000
0001000001
10
10
01
01
10
11000
00100
00010
11110
10000
01
00
00
01
10
01001
10000
10011
01010
00000
010
000
001
011
110
100010
111010
101100
111100
000000
10
00
00
11
00
10011
00011
00101
00101
00000
010011
111001
101001
001000
000100
111
111
001
001
100
1100001000
0100101000
0101111010
0001111010
0010000100
11
01
01
00
00
010
000
001
011
110
010000111
111000011
101110011
001010000
000001001
11110
11100
01111
00001
00100
110
110
010
000
000
111
111
100
100
001
10
00
00
00
01
11
11
01
01
00
1
1
0
0
0
111
110
001
000
101
10
00
00
11
00
1011111
1000011
1111011
1100000
0000001
00101101
11000001
01000101
11100101
00001010
01
00
01
10
11
1100010110111
0100110110011
0101110010011
0001110000000
1000001000001
111
001
000
110
101
00001
10101
11111
01011
00000
001011100
110111100
010001001
111100001
000001010
1
0
0
0
0
111
111
001
001
100
0100
1010
1011
0111
0000
1100001000
0100101000
0101111010
0001111010
0010000100
11
01
01
00
00
1100010110111
0100110110011
0101110010011
0001110000000
1000001000001
111
001
000
110
101
011101111
100000010
001000101
110000100
000010000
10011
00011
00101
00101
00000
100010
111010
101100
111100
000000
0101111
0010010
0010010
0111001
1100111
1
1
0
0
0
0101110111
1010010001
0000100001
1110000010
0001001000
10
00
00
00
01
111
111
001
001
100
1
1
0
0
0
0111111
1000001
1011001
0000010
0000000
01101
10001
10111
00011
00000
0010
0101
0101
1110
0000
110
001
001
101
010
0011
1010
1101
1100
0000
10011
11011
01101
01101
00000
10
00
00
11
00
000000110
001010010
110110011
101110011
010001000
110
110
010
000
000
1
0
0
0
0
111110
100000
100010
111000
010100
1100
0110
0001
1001
1010
00111100
10100100
11010110
11000110
00000000
010
000
001
011
110
0111001
0111011
0011111
0000111
0001000
0111
1000
1010
0011
0101
0101100
0110001
1011011
1010011
0000000
010
000
001
011
110
110
111
001
001
100
11001
11101
10111
00011
10000
0001000010
0011101010
0100101110
0110100100
0000010001
10
10
00
00
01
0111010
0011100
0110101
0000000
0100001
111
111
100
100
001
010
000
001
011
110
010010111
100010010
000110001
110100000
001001000
010
001
001
111
000
0111
0001
0001
0101
1100
0111
0000
0001
0110
1000
01
00
00
01
10
00
00
01
11
10
1100
0100
0110
0110
1000
11
11
01
01
00
1
1
0
0
0
010101
010100
001101
001000
110011
01010
00110
00110
10110
00001
1010101
0010010
1110011
1100010
0001101
0001111
1011001
0111001
0111010
1000000
10
00
00
11
00
111110
101010
101010
100000
001001
11111111
10001011
01100011
00010000
00001001
110011110110
010000010100
010111011111
000100001011
001000010000
11011101
11010001
01111011
00101011
01000000
110
110
010
000
000
11000100101
10101110101
10011111101
01011001001
10100000010
01
00
00
01
10
00110
01100
01011
01010
10000
10111
11100
11011
10000
00000
10110
11001
11000
01101
10010
1101010101
1000100001
0100000011
0100000011
0010101000
01
00
01
10
11
01011111
11000011
10010011
00011000
00101001
111110
010010
011011
100001
000000
001101110
000110001
010000001
111000101
101010010
01
00
00
01
10
01111
01011
11001
00100
00010
000011001
001101001
011010011
010100011
100000100
10111
11100
11011
10000
00000
101101
110011
110001
011011
100100
111110111
010000011
011100011
001000000
000010001
000010110
001101010
011101010
011111010
100000001
10111
00001
11111
11001
00000
010
000
001
011
110
001
101
001
101
000
111011100
101000100
111001001
100001001
010000010
110
010
000
100
100
110101
110101
011101
001001
010010
10
10
00
00
01
0110
1010
0010
0010
0101
10110
10000
00000
01100
01011
00001
01010
10111
10110
01001
1001
1111
0111
0101
0000
011101101000
111001000101
101000100111
000010100111
000100011000
11
01
01
00
00
010
000
001
011
110
1010
1010
0110
0110
1001
111110111
010000011
011100011
001000000
000010001
0111010
0011100
0110101
0000000
0100001
1101
1001
0011
0110
1100
0101
0000
0011
0110
1101
001100
000110
011011
111001
100000
11100
11110
00011
00011
01000
10
00
00
11
00
110
001
001
101
010
1100
1010
0011
0110
1000
0101
0000
0011
0110
1101
10011100
11111100
01101110
01100010
00000100
010
001
001
111
000
0111010
0011100
0110101
0000000
0100001
01
00
00
01
10
0010110
1001000
1111000
1111000
0000101
11
01
01
01
10
11
01
01
10
00
01010
00001
00101
01101
11000
110001
010011
010111
000110
001000
111000
100010
110111
111101
001000
10
00
00
00
01
111
111
001
001
100
11
11
01
00
00
1010111
1111011
0101011
0000000
0001001
0100
0010
0011
0001
1000
10
10
01
01
10
110
010
000
100
100
00001
01010
10111
10110
01001
00111010
10100100
11100111
11110111
00001000
10
10
01
01
10
11110
00000
10010
11000
00100
1110
1110
0010
0000
1001
110
110
010
000
000
10
10
00
00
01
01010
00110
00110
10110
00001
010
000
001
011
110
0000010
0100001
0111001
1111010
0000000
01
00
00
01
10
01
00
00
01
00
1110
1010
0000
0100
1101
10
10
01
01
10
111000
111000
001010
000010
100100
101011
101000
111011
010000
100101
0101
0000
0011
0110
1101
0011110
0100100
0100100
1110010
1001111
11
01
01
01
10
01110
10010
10010
11000
00100
01
00
00
01
10
1100111
1010011
0011011
0110000
1000001
11
01
01
10
00
10111
11100
11011
10000
00000
10110
11001
11000
01101
10010
0111011
0011100
0110101
0000001
0100000
00110111
01100011
01011011
01010000
10000001
110
110
010
000
000
011111111
000001011
001100011
110010000
000001001
1100
1010
1011
1101
0000
10
00
00
11
00
010
000
001
011
110
001010
100010
111110
111100
000001
001100101
011100001
010110011
010010011
100100000
1
0
0
0
0
110000
101000
001110
011010
100000
110
000
000
100
011
010
001
001
111
000
011010
101000
111110
001101
010000
010
000
001
011
110
010010111
100010010
000110001
110100000
001001000
10
00
00
11
00
110
001
001
101
010
11001100
10001110
10000011
11100011
00011000
01
00
00
01
10
000010
000000
010110
010110
001001
110
110
010
000
000
0000010
1101010
0110110
1110100
0001001
000010110
001101011
011101011
011111010
100000000
010
000
000
100
111
10
10
01
01
10
100000
100000
111010
011010
000000
0101
0101
0000
0000
0010
10
10
01
01
10
111100
010000
101110
100010
000000
10
00
00
00
01
010
000
001
011
110
0000
0011
0110
0101
1000
0110
0110
0011
1000
1000
1
1
0
0
0
01010110
01010110
00000011
00001011
00101000
10
00
00
11
00
00110111011
00011000110
01000000101
11100010100
10101001000
000011001
001101001
011010011
010100011
100000100
11111
10000
00010
01011
11001
10
10
01
01
10
11110
10000
00010
01000
10100
110
010
011
011
100
01
00
00
01
10
01011
11000
10010
00011
00101
1111110
1110110
0100110
0000010
0100001
1100
0010
1001
0001
0010
111110
010010
011011
100001
000000
0010011
0110000
0100001
0101101
1000000
01
00
00
01
10
111111110
001000100
001010100
100100010
101100111
10011
11011
01101
01101
00000
10
00
00
11
00
11000010
01001010
01011110
00011110
00100001
11
10
10
01
00
110
010
011
101
000
110
010
000
100
100
0000
0101
1011
1011
0100
110000
101000
001110
011010
100000
11
01
01
10
00
0111
0001
0001
0101
1100
1100
1010
1010
1110
0001
10
00
00
11
00
0100001
1100011
0000111
1000110
0011000
01100
01100
00110
10110
10000
00110111
01100011
01011011
01010000
10000001
000100
000010
010011
111111
100000
11
10
10
11
00
10
10
01
01
10
110
010
000
100
100
11
10
10
01
00
0101
0101
0000
0000
0010
11
01
01
10
00
11111
10000
00010
01011
11001
01
00
00
01
10
0110
0110
0011
1011
1000
010
000
001
011
110
000011001
001101001
011010011
010100011
100000100
010011111
100000011
100111011
010100000
000000001
1100111110111
0011010010001
1011010100001
1100000100010
0000100001000
01000011
11000111
00001111
10001101
00110000
0001001
0001001
0100111
1100110
1011000
0000001
1010011
1110111
0101111
0001000
10
00
00
11
00
1
1
0
0
0
000010110
001101010
011101010
011111010
100000001
10110
11001
11000
01101
10010
1101110
1000000
0000000
0001100
1011011
010
000
001
011
110
000011001
001101001
011010011
010100011
100000100
10
00
00
00
01
111
111
001
001
100
1001111010
0110110000
0100110011
0011110101
0000000100
01
00
00
01
10
11001
01110
10111
10110
00001
110
000
000
100
011
0011
1010
1101
1100
0000
0100
0010
0011
0001
1000
0111010111
1010001011
1010001011
0100011000
0000100001
11
11
01
01
00
010
000
001
011
110
0101
0101
0000
0000
0010
0100
1100
1001
1001
0010
111
111
001
001
100
010
011
001
101
000
011
000
000
011
100
1111
0010
0010
1001
1011
010
001
001
111
000
1100
0010
1001
0001
0010
11111111
11100101
01011101
00000101
00001000
1
0
0
0
0
011100
110100
100110
100110
000000
01
10
11
00
01
11110011
00100111
10111111
11011101
00000000
1101
1000
0000
0001
1011
010
000
001
011
110
1010
0010
0100
1100
1000
10
00
00
11
00
00101011
10101100
11110110
11110111
00000001
10
10
00
00
01
0111010
0011100
0110101
0000000
0100001
110
110
010
000
000
0110
0010
0000
0100
1101
111
111
001
001
100
1101
1001
0011
0110
1100
1
0
0
0
0
111
111
001
001
100
1100101100
0101000000
0101000110
0001100110
0010001000
01
00
00
01
10
1100110
1010010
1011011
1101101
0000000
0010
0101
0101
1110
0000
010
000
001
011
110
111011100
101000100
111001001
100001001
010000010
0101
0000
0011
0110
1101
00101100
11010100
01010110
11100110
00000000
11
01
01
01
10
0101
0101
0000
0000
0010
01100
01100
00110
10110
10000
11
01
01
10
00
010100101111
110001100010
100011000101
000110000100
001100010000
010011
100001
100111
010101
000000
000011000
001000100
010110010
010101110
001000000
01
00
01
10
11
010
000
001
011
110
0001000010
0011101010
0100101110
0110100100
0000010001
10
00
00
11
00
0000110
0000100
0101111
0111011
0000000
110
110
010
000
000
010
000
001
011
110
0010010
1101000
0100110
1110110
0000001
111011100
001001000
101001010
110000010
000100100
10
00
00
00
01
111
111
001
001
100
0100
1010
1011
0111
0000
1111011011
1000011000
1011111001
1011111100
0100000010
0111
0011
0001
0100
1100
10
10
01
01
10
110
010
000
100
100
01000
01100
00110
00110
00000
01
00
00
01
10
1100
0010
0001
1111
1000
1
1
0
0
0
100010
101011
101101
101100
010000
10
00
00
11
00
1111
0010
0010
1001
1011
1111101
1010000
0001001
1000000
0100011
0101
0101
0000
0000
0010
011100
000000
001110
100010
000000
010
000
001
011
110
0000
0011
0110
0101
1000
0110
0110
0011
1000
1000
110
110
010
000
000
010
000
001
011
110
111101010
101010001
011010001
000110010
001000110
00111
00111
01101
11000
10100
01
00
00
01
10
1010
1100
1000
1110
0001
0011
1010
1101
1100
0000
11010
10100
00110
01100
10000
00100101
00111001
11010111
10001011
01000000
0110
0010
0000
0100
1101
1111011
0001000
1101111
1011100
0000001
0101100
1100000
1001010
0001110
0010100
010
000
001
011
110
000011001
001101001
011010011
010100011
100000100
10
00
00
11
00
111010
000110
100111
110111
001000
1
1
0
0
0
110
000
100
010
001
10
00
00
11
00
0110
0010
0000
0100
1101
111
111
001
001
100
0110
1010
0010
0010
0101
1110000
0010001
1000011
1100011
0101100
01000
00010
00111
01111
11000
11
01
01
01
00
1
1
0
0
0
11010
10100
00110
01100
10000
10
00
00
11
00
0100000110
0000010100
0000111111
0011111011
0000000000
0001001
0001001
0100111
1100110
1011000
0111111111
0010011011
0011011011
0011011000
0000100001
110
110
010
000
000
11001111
01110011
10111011
10110000
00001001
110
000
000
100
011
11
11
01
00
00
100110
100100
000011
000010
011000
110
110
010
000
000
11
10
10
01
00
10110101
10001000
11101001
11101000
00010011
1000110
1011000
1110011
1110011
0001000
111
011
101
100
000
11001011100
01101001100
01011001001
00011000001
00100101010
00001
01010
10111
10110
01001
0011000
0000000
0110010
0100010
0001000
0110111
0110110
0010011
1000010
0001001
111110
010010
011011
100001
000000
11
01
01
00
00
10000
01001
01011
11011
00000
01
00
00
01
10
0110
0010
0010
1000
0000
010
000
001
011
110
110
010
011
101
000
0011
1010
1101
1100
0000
0110
1000
0100
1010
0001
0111010
0011100
0110101
0000000
0100001
1000
1010
0111
0111
1000
0011000
0000000
1110010
1010010
0100100
01
00
01
10
11
1110
1010
0000
0100
1101
10
10
01
01
10
110
010
000
100
100
11110000
10000100
01001010
01101010
00100100
010
000
000
100
111
11
11
01
01
00
010
000
001
011
110
0011101
1010001
1110101
1110001
0001010
011100
100000
101110
110010
000000
11
01
01
00
00
0101
0000
0011
0110
1101
00011000
00111000
01101010
01000010
00000000
0100
1010
1011
0111
0000
11110111
10001100
01101011
01101010
00010001
110
110
010
000
000
010
001
001
111
000
0110
0010
0000
0100
1101
10
10
01
01
10
100000
100000
111010
011010
000000
0111
1000
1010
0011
0101
000000
000001
010011
110011
101100
0101
0101
0000
0000
0010
010
000
001
011
110
111011100
101000100
111001001
100001001
010000010
1000
1010
0111
0111
1000
11001
01110
00001
10110
10001
01
00
00
01
10
101110
000010
001011
110001
010010
110
110
010
000
000
0110
0010
0000
0100
1101
11
01
01
01
00
1101
1001
0011
0110
1100
1
0
0
0
0
00111100
10100100
11010110
11000110
00000000
010
000
001
011
110
111
001
000
110
101
010
011
001
101
000
0101
0000
0011
0110
1101
1000
1010
0111
0111
1000
00001000
11011100
01100110
11110110
00000000
01
00
00
01
10
11
10
10
01
10
1
0
0
0
0
00100
01000
01010
01010
10000
01
00
00
01
10
11101110
00110100
10100111
11000011
00010000
011010
101000
111110
001101
010000
0110
0010
0000
0100
1101
010
000
001
011
110
111011100
101000100
111001001
100001001
010000010
110
010
000
100
100
111011
100011
011111
011111
000000
01
00
00
01
10
1
1
0
0
0
11010
01110
10111
00101
00010
01010110
01010110
00000011
00001011
00101000
10
00
00
11
00
00110111
00010011
11010011
10010000
01001001
11001111101111
00110100100011
10110101000011
11000001000101
00001000010000
0110
0010
0000
0100
1101
0101
0000
0011
0110
1101
1000
1010
0111
0111
1000
11111
01011
01011
01000
10001
01
00
00
01
10
0000110
0001100
1101010
1001010
0110001
00110111011
00011000110
01000000101
11100010100
10101001000
000011001
001101001
011010011
010100011
100000100
010
000
000
100
111
010
000
001
011
110
0100
1010
1011
0111
0000
1
0
0
0
0
0111110
0000100
0000100
0110010
1101111
10110
10000
00000
01100
01011
10
00
00
00
01
010
000
001
011
110
0100
1010
1011
0111
0000
11110011
01000000
01101111
00000100
10000001
10
00
00
00
01
100000
100100
111110
111010
000000
110
001
001
101
010
11001100
10001110
10000011
11100011
00011000
111
111
001
001
100
100111
100011
111011
111000
000001
0011
1010
1101
1100
0000
11010
10100
00110
01100
10000
100110
100100
000011
000010
011000
01000011
11000111
00001111
10001101
00110000
0110
0010
0000
0100
1101
1000
1010
0111
0111
1000
111011111111
101100000100
101001000111
101101010100
010000001001
1101110
1010011
1010101
1000001
0000000
110110
101010
011010
000110
000001
1110011010100
0001001111000
1001101100010
1111110101110
0100001000100
110
110
010
000
000
1
0
0
0
0
00111
00111
01101
11000
10100
01
00
00
01
10
111000
101001
001011
010011
100000
10
00
00
01
00
010
000
001
011
110
001
101
001
101
000
111011100
101000100
111001001
100001001
010000010
1000
1010
0111
0111
1000
110
100
100
010
001
0110
1010
0010
0010
0101
00110111
01100011
01011011
01010000
10000001
000010110
001101010
011101010
011111010
100000001
11010101
10001000
01000001
01000000
00101011
010
000
000
100
111
1000
1010
0111
0111
1000
01111011111
01000111011
11100101011
10110100000
00001001001
10
00
00
00
01
10111
11011
01011
00100
00001
101101
110011
110001
011011
100100
0110
0010
0000
0100
1101
0101
0000
0011
0110
1101
110
010
000
100
100
0010001000
1010011000
0111010010
1101010010
0000100100
11
01
01
00
00
10000
01001
01011
11011
00000
01
00
00
01
10
01110
00000
00010
10000
11000
11
11
01
00
00
0111111010011
0100000110001
1111110001000
1010101101000
0001000000000
10
00
00
11
00
00110111011
00011000110
01000000101
11100010100
10101001000
000011001
001101001
011010011
010100011
100000100
0110
0010
0000
0100
1101
11110
00000
10010
11000
00100
00
00
01
11
10
1100
0100
0110
0110
1000
01
00
00
01
10
1010
1100
1000
1110
0001
010100
000010
000011
100011
011100
1001101
1001001
0000111
0000101
0110000
000100
000010
010011
111111
100000
0101
0000
0011
0110
1101
11000100
01110100
00001110
10111010
10000000
010
000
001
011
110
111011100
101000100
111001001
100001001
010000010
110
010
000
100
100
11
11
01
00
00
11111101
10000001
01001111
01100011
00100000
1001
0000
0111
1110
1000
10
00
00
00
01
111
111
001
001
100
110
100
100
010
001
01111010
10110000
00110011
11110101
00000100
01
00
00
01
10
1110011100
0001001100
1001001001
1111000001
0000000010
01010
00001
00101
01101
11000
00101011
10101100
11110110
11110111
00000001
001101000
110111110
010110111
111010001
000100000
1101110
1000000
0000000
0001100
1011011
1010111
0011011
1100011
0100000
0001001
01010
00001
00101
01101
11000
111
011
001
100
010
0111011
0010010
0010001
0000000
0010100
011000110
000011010
000001010
111011000
000100001
010011
111001
101001
001000
000100
110
110
010
000
000
1
0
0
0
0
000111100
100000100
110010110
111110110
000001000
110
001
001
101
010
0001001
0000101
1000101
1111101
0000010
11
01
01
10
00
00110111
01100011
01011011
01010000
10000001
0100
0001
0011
0110
1100
0111
0011
0001
0100
0010
110
110
010
000
000
01110
00010
00010
11000
00100
111
100
011
000
000
010
000
001
011
110
00100110
01000100
10001111
10001011
01000000
10
10
01
01
10
100000
100000
111010
011010
000000
010
000
000
100
111
0101
0000
0011
0110
1101
1000
1010
0111
0111
1000
010
000
001
011
110
0000001
0010101
1101101
1011101
0100010
110
100
100
010
001
11
01
01
01
10
110
110
010
000
000
10
10
01
01
10
0110
1010
1010
0010
0101
1100
0110
0001
1001
1010
001110000
010110100
010111110
010001110
100110000
11
11
01
00
00
11100
10111
01011
00010
00000
110011000
101010010
101100111
110101111
000011000
0101
0000
0011
0110
1101
1100
1110
1001
0001
1010
11
01
01
01
10
110
010
011
101
000
111110
000000
100011
111011
010000
01
10
11
00
01
00101
00100
01000
01001
00011
111
111
001
001
100
111
101
100
010
001
1100101010
0101001000
0110000011
0010000101
0001010100
010
000
001
011
110
1111
0100
0111
1000
0001
11010111
10010001
00110001
10110010
01001000
111
111
001
001
100
1100100
1000001
0010011
0110111
1101100
10
01
01
11
00
110
100
100
010
001
10
00
00
00
01
11110
10000
00010
01000
10100
00
00
01
11
10
01000
01000
00110
10010
00000
1110
0100
0111
1011
0000
1
0
0
0
0
111
111
001
001
100
1001111111
0000001000
0000100111
1110100000
0000000001
0010
0010
0100
0100
0000
1
0
0
0
0
11110
10000
00010
01000
10100
1100
0110
0001
1001
1010
11
10
10
01
00
0010010111
1100000001
0100110001
1110110010
0001001000
010
000
000
100
111
10
10
01
01
10
1000
1010
0111
0111
1000
01111010
11001000
00100011
00000101
10010100
01
00
00
01
10
0100
0001
0011
0110
1100
110
110
010
000
000
0110
0010
0000
0100
1101
111
111
001
001
100
010
000
001
011
110
001
000
111
010
001
01
00
00
01
10
110
001
001
101
010
11001011
10110110
10100001
10100000
01010100
1
0
0
0
0
10000
10101
11011
01011
00100
0101
0101
1110
0010
0001
010
000
001
011
110
1100
1110
1011
0001
0000
10
00
00
11
00
010
000
001
011
110
1101
1010
1011
0010
1000
0101
0000
0011
0110
1101
1100
0100
0110
0110
1000
01
00
00
01
10
0100
0100
0011
1001
0000
01
10
11
00
01
1111100
1000000
1001001
1001001
0100000
010
000
000
100
111
0101
0000
0011
0110
1101
010
000
000
000
000
111100
111010
011011
011011
000100
00
10
11
01
00
0110
0010
0000
0100
1101
110
100
101
111
010
110
010
000
100
100
0100
0000
0010
0010
0000
10
00
00
11
00
1101011
1100110
1000101
0000100
0011000
111101
010101
100111
100111
001000
1
0
0
0
0
1100
0010
0001
1111
1000
0110
0010
0000
0100
1101
0111
1000
1010
0011
0101
111
111
001
001
100
0010
0100
0101
0101
1010
010
000
001
011
110
111011100
101000100
111001001
100001001
010000010
1000
1010
0111
0111
1000
010
000
001
011
110
0011
1010
1101
1100
0000
0000001
0010101
1101101
1011101
0100010
11
01
01
00
00
010111110
011001110
110001011
111010001
000000010
010
000
000
100
111
010011
111001
101001
001000
000100
110
110
010
000
000
1
0
0
0
0
110
010
000
100
100
010
000
001
011
110
0010
0010
1011
1001
0010
11
01
01
00
00
110111
000011
100011
110000
000001
0101
0000
0011
0110
1101
1101100
1100000
0001010
0001110
1010100
11
01
01
01
10
110001111
011000000
101100111
101110000
000001001
010
000
000
100
111
10
10
01
01
10
0111100
1111100
1010110
0000010
0000100
01
00
00
01
10
01110
10110
01010
10000
00001
1
1
0
0
0
01011
10101
00101
00101
10010
11
01
01
00
00
010
000
001
011
110
01010110
01010110
00000011
00001011
00101000
011110
011010
111011
100001
001000
110
110
010
000
000
10
00
00
00
01
1111
1000
0011
0000
1000
1100
0110
0001
1001
1010
0001
0001
0111
1110
1000
001110000
010110100
010111110
010001110
100110000
1111
0011
1011
0100
0001
000100
000010
010011
111111
100000
111
000
100
010
101
0010
1010
1100
1100
0000
0111
0001
0001
0101
1100
10
00
00
00
01
11
01
01
01
00
00111100
00101100
01101110
01100010
00001000
01
00
00
01
10
110010
010000
010110
001110
000001
00001
01010
10111
10110
01001
1101
0010
1001
1110
0001
10
00
00
11
00
110
001
001
101
010
111101010
101010001
011010001
000110010
001000110
110
110
010
000
000
01
00
00
01
10
0110100
0101010
1111100
1011010
0000101
1011111
0100010
1101001
1101000
0010000
01000101
00010101
11111101
10101001
00000010
10
00
00
11
00
010
000
001
011
110
1100
0000
1001
1101
0000
001000111
101001011
111011011
110011000
000000001
10
00
00
00
01
11111010
01011000
01010011
00010101
10100100
10
10
01
01
10
1010100
0011100
1101110
0101010
0000000
1
1
0
0
0
110
000
100
010
001
0010
0101
0101
1110
0000
10101111
10000011
10001011
10000000
01101001
1010100
1000100
1001110
1000010
0111001
110
110
010
000
000
010
000
001
011
110
0000
0011
0110
0101
1000
0110
0110
0011
1000
1000
1111
1000
0011
0000
1000
110000
100001
100011
101111
010000
010
000
001
011
110
1100
1110
1011
1001
0000
0100
0100
0001
1001
0010
11
11
01
01
00
010
000
001
011
110
1011111
0111011
0101001
0100000
0000000
10100101101
00101000101
11101000111
11001010011
00010001100
111
101
100
010
001
010
000
001
011
110
01011
10101
00101
00101
10010
11
01
01
01
00
00101100
10001100
11110110
11010110
00000000
10
10
01
01
10
111011100
001101000
101001110
110000110
000100000
010
000
001
011
110
111011100
101000100
111001001
100001001
010000010
01
00
00
01
10
0110
0010
0010
1000
0100
1
1
0
0
0
111000
010001
001111
101011
100000
1111010100
0000000010
1011110001
1100110001
0000001010
11
01
01
00
00
110111
101110
101001
011000
000101
110
110
010
000
000
01
00
00
01
10
11111
10001
01100
00010
00001
010011
111001
101001
001000
000100
01
00
00
01
10
1100
1010
0011
0110
1000
01000
00010
00111
01111
11000
1100011000
0100100101
0101110011
0001111011
1000000100
11
11
01
01
00
010
011
001
101
000
11
11
01
01
00
0101
0000
0011
0110
1101
1000
1010
0111
0111
1000
111100100
001001100
101111110
110111010
000000000
10
00
01
11
10
1111
1000
0011
0000
1000
00
00
01
11
10
1100010111
0111010011
0010110011
1010110000
1001001001
01101110
01100010
00111011
10110001
10000000
0101
0101
0000
0000
0010
010
001
001
111
000
11110
10010
10011
01011
00000
011000111
000001011
001011011
100011000
000100001
11
01
01
00
00
111111
100010
101001
111000
000000
00011
10001
11000
01000
00000
0010011
0110000
0100001
0101101
1000000
010
000
000
100
111
10
00
01
11
10
1111
1000
0011
0000
1000
00
00
01
11
10
011001010111
001010000011
001010000011
001010100000
000100111001
0111
0001
0001
0101
1100
0110
0000
0011
1001
0000
110
110
010
000
000
010
000
001
011
110
01011
10101
00101
00101
10010
01
00
00
01
10
11
11
01
01
00
0111
1110
1011
0000
0001
1000001
1011011
1110111
1110111
0001000
11
11
01
01
00
10
00
01
11
10
111
011
101
100
000
1101110
1000000
0000000
0001100
1011011
11000111
10010011
01110011
00110000
00001001
0100
0001
0011
0110
1100
010011
111001
101001
001000
000100
11
01
01
01
00
1110
1000
1000
0110
1000
10
10
00
00
01
0111
0001
0001
0101
1100
10
00
01
11
10
111
011
001
101
100
1100101
1010100
0111001
0011000
0000001
111000
010000
001110
101010
100000
1
1
0
0
0
110000
101001
101011
000111
010100
10
00
00
11
00
0110
0100
0011
1010
1000
10
01
00
01
10
1100111
0011110
1010011
1101000
0000001
110
110
010
000
000
100
111
000
011
000
1000001
1011011
1110111
1110111
0001000
110
110
010
000
000
1100
0100
0110
0110
1000
0100
0001
0011
0110
1100
11
11
01
01
00
1
1
0
0
0
011001010111
001010000001
001010000001
001010100010
000100111000
001111110
100011011
111001011
011100010
000100000
10
10
01
01
10
1100
0110
0001
1001
1010
1111
1010
0110
0011
0000
0001
0001
0111
1110
1000
1010111
0011011
1100011
0100000
0001001
1
1
0
0
0
00111
01100
01001
01000
10000
010
001
001
111
000
010
000
001
011
110
110011110110
010000010100
010111011111
000100001011
001000010000
10001101
10110001
11100111
11100111
00010000
10
10
01
01
10
1100
0110
0001
1001
1010
11
10
10
01
00
001111
101101
110101
110110
000000
01
00
00
01
10
0011000
0000010
0110101
1100101
1000010
010
000
001
011
110
11000100101
10101110101
10011111101
01011001001
10100000010
100
110
011
011
000
111101000
001100000
101111010
110011010
000000100
1101
1000
0000
0001
1011
0111
0001
0001
0101
1100
110
110
010
000
000
00001
01010
10111
10110
01001
001111
101101
110101
110110
000000
01
00
00
01
10
0011000
0000010
0110101
1100101
1000010
0101
0000
0011
0110
1101
011
110
101
000
001
00
00
01
11
10
110
001
001
101
010
0010
0010
0110
1110
1001
1100
0010
0001
1111
1000
10
00
00
11
00
10100111
10011011
10000011
10111000
01000001
0100
0001
0011
0110
1100
100
110
011
011
000
10
10
01
01
10
1100
1100
1001
1011
0000
00101011
11001000
01000011
11110100
00010101
110
100
100
010
001
10
01
01
11
00
0111
0001
0001
0101
1100
111101110
011011100
011010111
001010011
000100000
011111
100000
001011
110010
000001
11110
10000
00010
01000
10100
1100
0110
0001
1001
1010
00011100
10110100
11100110
11000010
00000000
0110
1010
0010
0010
0101
0110
0010
0000
0100
1101
10
10
01
01
10
01110
10100
10100
00010
00111
00
00
01
11
10
11
01
01
10
00
010
000
001
011
110
011
101
101
100
010
011111
000010
000010
011001
110111
111010
011000
010011
000101
100100
01
00
00
01
10
0011100
0101101
0101111
0100011
1001100
010
000
001
011
110
0010
0010
0100
0100
0000
011
111
101
000
000
111011
110000
100010
100011
010101
0110
0010
0000
0100
1101
111
111
001
001
100
0000111
0001011
1110011
0111000
0000001
01010
00010
00111
01111
11000
01101
00001
00111
10011
00000
1100
1100
1001
1011
0000
10
10
01
01
10
01
00
00
01
00
110
100
100
010
001
0111
1011
0101
1000
0000
11
01
01
10
00
110111
101011
100011
000000
101001
10
01
00
01
10
110
110
010
000
000
10
10
01
01
10
1010
0110
0111
0101
1010
111
000
100
010
101
110
100
100
010
001
01
00
00
01
10
010100
000001
100011
100111
001100
